Tissue	Spearman_rho_var/mean_dnds_mouse	p-value_var/mean_dnds_mouse	Spearman_rho_var/mean_dn_mouse	p-value_var/mean_dn_mouse	Spearman_rho_var/mean_ds_mouse	p-value_var/mean_ds_mouse	Spearman_rho_var_dnds_mouse	p-value_var_dnds_mouse	Spearman_rho_var_dn_mouse	p-value_var_dn_mouse	Spearman_rho_var_ds_mouse	p-value_rho_var_ds_mouse	Spearman_rho_mean_dnds_mouse	p-value_mean_dnds_mouse	Spearman_rho_mean_dn_mouse	p-value_mean_dn_mouse	Spearman_rho_mean_ds_mouse	p-value_mean_ds_mouse	Spearman_rho_var/mean_dnds_chimp	p-value_var/mean_dnds_chimp	Spearman_rho_var/mean_dn_chimp	p-value_var/mean_dn_chimp	Spearman_rho_var/mean_ds_chimp	p-value_var/mean_ds_chimp	Spearman_rho_var_dnds_chimp	p-value_var_dnds_chimp	Spearman_rho_var_dn_chimp	p-value_var_dn_chimp	Spearman_rho_var_ds_chimp	p-value_rho_var_ds_chimp	Spearman_rho_mean_dnds_chimp	p-value_mean_dnds_chimp	Spearman_rho_mean_dn_chimp	p-value_mean_dn_chimp	Spearman_rho_mean_ds_chimp	p-value_mean_ds_chimp
Adipose_Subcutaneous	-0.19794039	4.14E-155	-0.187766396	1.69E-139	-0.014545006	0.053557259	-0.273966585	5.53E-302	-0.308545307	0	-0.142708299	4.12E-81	-0.301384405	0	-0.359382031	0	-0.21395277	3.36E-182	-0.181040216	2.82E-112	-0.134894808	1.04E-66	0.043507847	2.99E-08	-0.238746795	9.30E-197	-0.229347144	4.02E-193	-0.034018804	1.43E-05	-0.254773594	1.07E-224	-0.269746835	3.62E-269	-0.082135788	9.36E-26
Adipose_Visceral_Omentum	-0.175815466	4.75E-122	-0.185739591	3.11E-136	-0.03678091	1.07E-06	-0.255405155	2.24E-261	-0.293067282	0	-0.136512143	2.57E-74	-0.296465283	0	-0.350421535	0	-0.197855494	1.39E-155	-0.172599476	5.90E-102	-0.14609289	6.03E-78	0.012890064	0.100958539	-0.229486487	1.54E-181	-0.223891924	6.60E-184	-0.037742398	1.47E-06	-0.25475433	1.16E-224	-0.265935262	2.15E-261	-0.074685121	1.46E-21
Adrenal_Gland	-0.248224839	4.22E-245	-0.261897339	1.33E-273	-0.073299065	2.22E-22	-0.292105721	0	-0.336553996	0	-0.165861055	2.78E-109	-0.303184405	0	-0.363863105	0	-0.216382888	2.05E-186	-0.198485373	8.29E-135	-0.173834744	4.95E-110	0.002742178	0.727173223	-0.236863392	1.31E-193	-0.238237958	1.14E-208	-0.052088753	2.98E-11	-0.245109257	1.33E-207	-0.264612634	1.00E-258	-0.088953149	6.13E-30
Artery_Aorta	-0.225710422	3.23E-202	-0.235037562	1.38E-219	-0.056321933	7.47E-14	-0.287029265	0	-0.327960814	0	-0.157987173	3.32E-99	-0.313125362	0	-0.372868276	0	-0.219456599	8.03E-192	-0.201192831	1.10E-138	-0.17178956	1.41E-107	0.008717565	0.26711107	-0.242887021	8.85E-204	-0.240767148	3.26E-213	-0.046482207	3.01E-09	-0.255873545	1.09E-226	-0.272741497	2.30E-275	-0.085092156	1.58E-27
Artery_Coronary	-0.215320125	2.23E-183	-0.222378658	9.02E-196	-0.04421947	4.52E-09	-0.282508132	8.89318162514244e-322	-0.32026897	0	-0.145477813	3.00E-84	-0.312269521	0	-0.370187319	0	-0.212330585	2.05E-179	-0.190037642	1.67E-123	-0.155503338	3.94E-88	0.027821004	0.000400751	-0.24124143	5.68E-201	-0.233161116	1.04E-199	-0.032321624	3.74E-05	-0.259874222	5.10E-234	-0.27339226	1.01E-276	-0.079662085	2.55E-24
Artery_Tibial	-0.260786436	1.47E-271	-0.276751142	6.12E-307	-0.084408258	3.32E-29	-0.312972776	0	-0.361829485	0	-0.187260547	2.75E-139	-0.326446928	0	-0.393604417	0	-0.243638689	2.60E-237	-0.219233048	7.79E-165	-0.196189369	2.90E-140	-0.002951646	0.707190584	-0.259299674	5.87E-233	-0.263772962	4.87E-257	-0.061320782	4.98E-15	-0.264782767	3.44E-243	-0.28776017	1.18E-307	-0.098266998	3.41E-36
Bladder	-0.173360169	3.62E-117	-0.180777486	2.10E-127	-0.042627104	1.93E-08	-0.264500404	7.25E-281	-0.303409536	0	-0.145724734	1.56E-84	-0.308693464	0	-0.364924275	0	-0.208490627	6.48E-173	-0.15888158	1.27E-85	-0.129853671	3.33E-61	0.019979753	0.011434503	-0.229970925	2.55E-182	-0.221033986	3.55E-179	-0.032315714	3.75E-05	-0.259197768	9.05E-233	-0.268625677	7.23E-267	-0.075162357	8.08E-22
Brain_Amygdala	-0.348145698	0	-0.359960983	0	-0.106589791	3.21E-45	-0.391569278	0	-0.431316285	0	-0.183245267	2.31E-133	-0.403586842	0	-0.456454398	0	-0.221755492	6.40E-196	-0.256826464	5.84E-226	-0.230875825	1.48E-193	-0.003128388	0.691591565	-0.299187811	4.090230304813e-313	-0.28831277	0.00E+00	-0.038593022	8.50E-07	-0.306212301	0	-0.307058561	0	-0.063532199	5.05E-16
Brain_Anterior_cingulate_cortex_BA24	-0.388171057	0	-0.413379826	0	-0.151321886	6.08E-90	-0.418659021	0	-0.463723127	0	-0.205183895	2.02E-167	-0.422200467	0	-0.475218705	0	-0.227389879	3.65E-206	-0.288823729	2.99E-288	-0.268882891	9.08E-265	-0.020791929	0.008322705	-0.317823817	0	-0.307340516	0	-0.044303396	1.58E-08	-0.317439136	0	-0.314109725	0	-0.058866952	5.75E-14
Brain_Caudate_basal_ganglia	-0.336650626	0	-0.353657023	0	-0.115408939	4.21E-53	-0.38314244	0	-0.425401649	0	-0.187984973	2.26E-140	-0.398938067	0	-0.453575228	0	-0.225228564	3.35E-202	-0.252943189	3.09E-220	-0.230006559	3.45E-193	-0.009196081	0.242187344	-0.292829773	1.95E-299	-0.285450341	1.48E-302	-0.043943198	2.06E-08	-0.302769224	5.65211098842386e-321	-0.305611535	0	-0.065905229	3.96E-17
Brain_Cerebellar_Hemisphere	-0.339896126	0	-0.362931503	0	-0.129442786	4.25E-66	-0.384074901	0	-0.434236859	0	-0.208902352	1.32E-173	-0.391796944	0	-0.453463375	0	-0.243309129	1.18E-236	-0.25755019	1.72E-227	-0.241649782	1.22E-212	-0.027565431	0.000468666	-0.292009857	1.07E-297	-0.29254795	2.23965886047587e-318	-0.060546882	1.09E-14	-0.293611057	4.26E-301	-0.305427035	0	-0.079266832	4.29E-24
Brain_Cerebellum	-0.333127392	0	-0.335572836	0	-0.066044051	2.23E-18	-0.390052036	0	-0.42970851	0	-0.17810216	5.66E-126	-0.39543782	0	-0.452805171	0	-0.230004642	5.14E-211	-0.254749593	6.04E-223	-0.207450233	2.38E-156	0.030889076	8.70E-05	-0.297980306	1.72438769963355e-310	-0.279877697	1.87E-290	-0.026180127	0.00083995	-0.295966715	3.85E-306	-0.298823144	0	-0.062022242	2.43E-15
Brain_Cortex	-0.343686861	0	-0.344577496	0	-0.070599065	6.56E-21	-0.403364661	0	-0.435855566	0	-0.162892064	2.02E-105	-0.419221931	0	-0.467499849	0	-0.211987842	7.89E-179	-0.25680718	9.16E-228	-0.209518482	2.77E-160	0.037676347	1.60E-06	-0.306528387	0	-0.280328032	2.01E-291	-0.009883782	0.207491203	-0.313852377	0	-0.303798127	0	-0.043710057	2.45E-08
Brain_Frontal_Cortex_BA9	-0.364474981	0	-0.383075507	0	-0.124575209	2.12E-61	-0.409485964	0	-0.451959398	0	-0.195636663	4.32E-152	-0.423243721	0	-0.477645485	0	-0.232470146	1.20E-215	-0.278536231	9.04E-268	-0.254529662	7.83E-237	-0.011139888	0.157207954	-0.314402389	0	-0.303194382	0	-0.04182381	9.50E-08	-0.31812681	0	-0.317428945	0	-0.064101294	2.77E-16
Brain_Hippocampus	-0.357924474	0	-0.37715933	0	-0.122150621	4.57E-59	-0.396647887	0	-0.437740446	0	-0.186123517	1.35E-137	-0.406594489	0	-0.458979197	0	-0.219906865	1.28E-192	-0.263430679	1.80E-238	-0.23985363	1.43E-209	-0.007584713	0.335718157	-0.300581919	3.67648940582779e-316	-0.289045698	1.63524741973219e-310	-0.038032473	1.22E-06	-0.307650754	0	-0.306618532	0	-0.060232279	1.49E-14
Brain_Hypothalamus	-0.354596822	0	-0.375282068	0	-0.12845028	2.35E-65	-0.393432972	0	-0.43499434	0	-0.189512055	1.14E-142	-0.403099597	0	-0.456011431	0	-0.222416107	4.17E-197	-0.264332707	9.79E-241	-0.242936259	1.28E-215	-0.012043889	0.12589145	-0.299232758	3.26433838430066e-313	-0.290216375	3.95909736935254e-313	-0.042707086	5.07E-08	-0.305640006	0	-0.306920775	0	-0.065055716	9.96E-17
Brain_Nucleus_accumbens_basal_ganglia	-0.349415294	0	-0.371787518	0	-0.133810039	1.14E-70	-0.392191956	0	-0.437224887	0	-0.198293384	2.81E-156	-0.403924402	0	-0.458934398	0	-0.22769746	9.87E-207	-0.261094725	2.23E-234	-0.242262173	4.53E-214	-0.020585855	0.008944878	-0.298221141	5.17745928179224e-311	-0.292499842	2.87712211936608e-318	-0.049207688	3.40E-10	-0.304982185	0	-0.307508094	0	-0.066730475	1.60E-17
Brain_Putamen_basal_ganglia	-0.35789649	0	-0.382073491	0	-0.139234321	2.40E-76	-0.391290363	0	-0.435446309	0	-0.194582283	1.91E-150	-0.399855438	0	-0.452932229	0	-0.220520731	1.03E-193	-0.271090249	8.88E-253	-0.252458598	1.43E-232	-0.021026401	0.007625779	-0.302474068	2.53356863187391e-320	-0.294982748	0	-0.046472105	3.03E-09	-0.305270988	0	-0.305430163	0	-0.062300311	1.82E-15
Brain_Spinal_cord_cervical_c1	-0.309835991	0	-0.321536214	0	-0.084240869	6.84E-29	-0.35709519	0	-0.399175903	0	-0.174952772	1.47E-121	-0.364800022	0	-0.423790335	0	-0.227101525	1.24E-205	-0.242836843	5.63E-202	-0.210187763	2.24E-160	0.012133644	0.123466679	-0.282787394	1.55E-278	-0.276129733	1.79E-282	-0.04120714	1.46E-07	-0.286283546	1.03E-285	-0.299718483	0	-0.081124932	3.66E-25
Brain_Substantia_nigra	-0.370341327	0	-0.38680927	0	-0.119287736	2.70E-56	-0.394584802	0	-0.436914288	0	-0.187218783	3.17E-139	-0.388004233	0	-0.442966547	0	-0.221686492	8.51E-196	-0.276641529	2.04E-263	-0.247525968	3.80E-223	-0.001893279	0.810247067	-0.305076736	0	-0.294176936	4.54540394173947e-322	-0.039344359	5.18E-07	-0.299882903	1.24449837827424e-314	-0.305248045	0	-0.069342025	8.46E-19
Breast_Mammary_Tissue	-0.172964582	2.03E-118	-0.175484515	6.86E-122	-0.01742788	0.020682938	-0.263148149	6.42E-278	-0.297258093	0	-0.128580424	4.50E-66	-0.300391439	0	-0.355028551	0	-0.199950169	6.42E-159	-0.163305291	1.82E-91	-0.120966063	6.21E-54	0.041115418	1.62E-07	-0.229999763	2.29E-182	-0.216829845	2.44E-172	-0.025070073	0.001385526	-0.254387337	5.35E-224	-0.264214497	6.33E-258	-0.072754757	1.53E-20
Cells_EBVtransformed_lymphocytes	-0.168109026	9.25E-112	-0.195772018	1.25E-151	-0.099177188	9.86E-40	-0.213687243	9.64E-182	-0.269315065	1.69E-291	-0.184728133	1.55E-135	-0.231080206	4.99E-213	-0.29949168	0	-0.225295008	2.53E-202	-0.153196484	1.54E-80	-0.170722615	2.92E-106	-0.060728739	1.01E-14	-0.193479248	1.27E-128	-0.232777726	4.82E-199	-0.108341537	1.15E-43	-0.204511739	8.55E-144	-0.255141085	4.60E-240	-0.131947967	4.42E-64
Cells_Transformed_fibroblasts	-0.227402877	2.28E-205	-0.266149244	2.38E-283	-0.14506523	1.89E-83	-0.278143755	1.4127231648022e-311	-0.338381702	0	-0.212150429	4.16E-179	-0.304124084	0	-0.375148174	0	-0.249922678	5.28E-250	-0.192577292	4.39E-127	-0.209435526	3.72E-160	-0.065112198	1.05E-16	-0.231900234	1.92E-185	-0.263155807	8.36E-256	-0.099403988	5.32E-37	-0.248720658	6.65E-214	-0.289140032	1.00750431232118e-310	-0.122817152	1.07E-55
Cervix_Ectocervix	-0.216465254	1.27E-181	-0.221868805	6.22E-191	-0.045046736	3.37E-09	-0.283151533	1.97626258336499e-323	-0.317946933	0	-0.138221373	3.68E-76	-0.312347845	0	-0.364194389	0	-0.197514464	4.82E-155	-0.192422952	1.85E-124	-0.161391729	2.94E-93	0.022104625	0.00531027	-0.247265752	2.36E-211	-0.234481235	5.09E-202	-0.024894991	0.001496759	-0.26604952	1.37E-245	-0.269923518	1.57E-269	-0.064733916	1.41E-16
Cervix_Endocervix	-0.170968383	1.79E-112	-0.161848709	7.65E-101	-0.007726969	0.311977015	-0.269559634	4.80E-292	-0.301196854	0	-0.130137684	1.19E-67	-0.311895241	0	-0.366066653	0	-0.203755584	4.46E-165	-0.144949379	1.17E-70	-0.11154123	4.87E-45	0.026304573	0.00092883	-0.228990383	9.61E-181	-0.216593226	5.85E-172	-0.027706282	0.000409295	-0.258513285	1.64E-231	-0.265239718	5.47E-260	-0.07242465	2.28E-20
Colon_Sigmoid	-0.222701118	2.86E-196	-0.22743249	7.80E-205	-0.043542365	7.80E-09	-0.303672732	0	-0.342943956	0	-0.157230026	2.90E-98	-0.334095229	0	-0.394146352	0	-0.22373349	1.75E-199	-0.195435252	1.41E-130	-0.155972856	1.31E-88	0.019462767	0.01331391	-0.255234359	1.58E-225	-0.244237485	1.55E-219	-0.039904026	3.56E-07	-0.272610146	3.17E-258	-0.284446607	2.34E-300	-0.083457681	1.54E-26
Colon_Transverse	-0.193030657	2.21E-147	-0.201223968	3.01E-160	-0.039291543	1.84E-07	-0.259474657	5.32E-270	-0.291315284	0	-0.12170546	2.45E-59	-0.294417727	0	-0.344943557	0	-0.186424163	4.83E-138	-0.181047351	3.16E-112	-0.146473668	2.08E-78	0.021117791	0.007178543	-0.231830013	2.50E-185	-0.217110095	8.62E-173	-0.024665919	0.001654722	-0.255175612	2.01E-225	-0.260502499	1.57E-250	-0.067183105	9.70E-18
Esophagus_Gastroesophageal_Junction	-0.24783	6.85E-244	-0.255780876	3.39E-260	-0.062379717	1.32E-16	-0.31018871	0	-0.350997503	0	-0.164354659	2.58E-107	-0.330586664	0	-0.390044165	0	-0.221987012	2.46E-196	-0.211858125	1.35E-153	-0.175682222	2.92E-112	0.017106618	0.029593208	-0.259583323	1.76E-233	-0.250257618	9.60E-231	-0.038939976	6.77E-07	-0.269731014	1.23E-252	-0.281801572	1.33E-294	-0.080726049	6.24E-25
Esophagus_Mucosa	-0.181286129	4.83E-130	-0.181866662	7.06E-131	-0.023176573	0.002093943	-0.249395672	6.32E-249	-0.279680074	3.79645240823139e-315	-0.120327658	4.94E-58	-0.284812277	0	-0.333961858	0	-0.183596216	7.10E-134	-0.183062293	8.66E-115	-0.146645415	1.20E-78	0.026783883	0.0006466	-0.232643028	1.19E-186	-0.219654438	6.45E-177	-0.02634703	0.000777794	-0.25232682	2.69E-220	-0.258687577	5.84E-247	-0.065387486	6.96E-17
Esophagus_Muscularis	-0.245696846	1.37E-240	-0.25207552	1.49E-253	-0.057400436	2.43E-14	-0.309641661	0	-0.349781809	0	-0.161528502	1.13E-103	-0.330747406	0	-0.390250012	0	-0.221418337	2.57E-195	-0.20622068	7.72E-146	-0.167483453	2.43E-102	0.025400631	0.001216254	-0.256796969	2.28E-228	-0.247006126	1.19E-224	-0.036779642	2.70E-06	-0.269582249	2.38E-252	-0.281865709	9.68E-295	-0.08079201	5.71E-25
Fallopian_Tube	-0.126998806	1.47E-62	-0.110735884	6.64E-48	0.029531004	0.000110293	-0.23676917	7.51E-224	-0.263917503	1.36E-279	-0.106659285	6.53E-46	-0.299425563	0	-0.351264282	0	-0.194985286	4.50E-151	-0.10425236	3.02E-37	-0.072964455	3.60E-20	0.035693211	6.94E-06	-0.197180756	1.30E-133	-0.188006488	2.69E-129	-0.023033541	0.003305278	-0.247056154	5.49E-211	-0.256034884	8.61E-242	-0.070957199	1.30E-19
Heart_Atrial_Appendage	-0.229981816	1.79E-209	-0.245780469	7.08E-240	-0.072679415	5.28E-22	-0.293849472	0	-0.336049411	0	-0.159959538	1.11E-101	-0.321415039	0	-0.377723586	0	-0.208380752	9.91E-173	-0.20527051	3.31E-144	-0.179993088	7.10E-118	0.004134036	0.599029045	-0.24738669	1.45E-211	-0.243890031	6.74E-219	-0.043662229	2.54E-08	-0.261737368	1.78E-237	-0.272416185	1.09E-274	-0.074109005	2.96E-21
Heart_Left_Ventricle	-0.248112482	1.18E-244	-0.270926828	4.03E-293	-0.105208894	2.02E-44	-0.296500104	0	-0.340740512	0	-0.170783821	7.64E-116	-0.315291051	0	-0.371284472	0	-0.207190107	9.64E-171	-0.210507632	1.13E-151	-0.199134104	2.21E-144	-0.023901656	0.00236108	-0.247721635	3.77E-212	-0.249551358	2.06E-229	-0.054886283	2.47E-12	-0.257637959	6.63E-230	-0.270098913	6.83E-270	-0.076518249	1.48E-22
Kidney_Cortex	-0.195045252	1.44E-148	-0.200759268	1.84E-157	-0.04205545	2.92E-08	-0.257577834	5.82E-266	-0.289182554	0	-0.124825087	2.40E-62	-0.285400067	0	-0.331014897	0	-0.17353852	1.33E-119	-0.173816372	1.80E-102	-0.137996649	4.67E-69	0.025547706	0.001209728	-0.224752741	5.10E-174	-0.207047299	5.50E-157	-0.016529781	0.035017069	-0.242307957	8.66E-203	-0.2414696	1.74E-214	-0.052179253	2.76E-11
Liver	-0.15113423	3.61E-90	-0.153738827	2.83E-93	-0.0225716	0.002787151	-0.206038909	7.84E-169	-0.236248271	7.57E-223	-0.111699442	3.30E-50	-0.231014874	6.61E-213	-0.278479694	2.35090683283818e-312	-0.166996923	8.88E-111	-0.154088578	2.62E-81	-0.129565189	1.76E-61	0.014193872	0.071096161	-0.194295728	1.03E-129	-0.190828014	3.22E-133	-0.032116007	4.19E-05	-0.209699989	3.03E-151	-0.222210764	4.08E-181	-0.065885328	4.05E-17
Lung	-0.137241635	8.55E-75	-0.137442007	5.21E-75	-0.004046892	0.591258829	-0.222168322	1.16E-196	-0.250786144	8.91E-252	-0.106480751	9.20E-46	-0.271031732	2.41E-295	-0.319057744	0	-0.176115978	3.52E-123	-0.142427834	8.72E-70	-0.112792623	4.66E-47	0.019928331	0.011161086	-0.206654674	7.57E-147	-0.197060584	4.19E-142	-0.029354624	0.000180857	-0.238505323	2.37E-196	-0.246132196	4.97E-223	-0.066334549	2.48E-17
Minor_Salivary_Gland	-0.200411192	1.14E-157	-0.190911499	5.40E-143	-0.021362176	0.004757651	-0.259671125	2.02E-270	-0.282469377	1.08694442085074e-321	-0.114627362	8.50E-53	-0.288958085	0	-0.33513741	0	-0.178662415	9.09E-127	-0.180226305	1.63E-110	-0.135230764	1.37E-66	0.04112695	1.78E-07	-0.234144061	4.13E-189	-0.213134247	1.90E-166	-0.011027433	0.159619054	-0.255855434	1.18E-226	-0.257089506	7.72E-244	-0.057075716	3.22E-13
Muscle_Skeletal	-0.266897583	3.89E-285	-0.299542307	0	-0.138435626	3.93E-76	-0.304396603	0	-0.360300404	0	-0.205283556	1.39E-167	-0.318294645	0	-0.385448074	0	-0.239639945	2.01E-229	-0.215602354	1.59E-159	-0.213952818	3.03E-167	-0.039833449	3.89E-07	-0.245139752	1.17E-207	-0.260448117	2.01E-250	-0.076470092	1.57E-22	-0.253911702	3.85E-223	-0.279763859	3.27E-290	-0.09937035	5.62E-37
Nerve_Tibial	-0.229510346	2.71E-209	-0.229142848	1.30E-208	-0.04035339	8.42E-08	-0.293887476	0	-0.332407661	0	-0.155036114	1.46E-95	-0.316855116	0	-0.375781978	0	-0.219409236	9.74E-192	-0.199428379	2.71E-136	-0.156657706	1.32E-89	0.030686225	9.30E-05	-0.24801249	1.17E-212	-0.236187286	5.03E-205	-0.032335914	3.71E-05	-0.261535285	4.23E-237	-0.271229137	3.17E-272	-0.074079727	3.07E-21
Ovary	-0.225632803	1.38E-201	-0.23548219	6.69E-220	-0.055603091	1.65E-13	-0.287978296	0	-0.331509598	0	-0.164813222	6.53E-108	-0.305707361	0	-0.367657345	0	-0.223801324	1.32E-199	-0.19259178	7.42E-127	-0.168217315	5.06E-103	0.009929002	0.206565844	-0.237347985	2.04E-194	-0.240175919	3.80E-212	-0.048683237	5.23E-10	-0.247699529	4.12E-212	-0.268739224	4.23E-267	-0.087759591	3.50E-29
Pancreas	-0.209182743	3.58E-173	-0.21066907	1.14E-175	-0.034092217	6.10E-06	-0.261578456	1.61E-274	-0.294380099	0	-0.128931033	1.99E-66	-0.284846428	0	-0.334871557	0	-0.183290159	1.99E-133	-0.191068823	5.25E-125	-0.156685245	1.39E-89	0.018897363	0.016144077	-0.231339992	1.56E-184	-0.220601838	1.82E-178	-0.033106691	2.41E-05	-0.243603105	5.24E-205	-0.250646369	1.77E-231	-0.068955118	1.32E-18
Pituitary	-0.254106792	1.81E-256	-0.250120112	2.74E-248	-0.01439768	0.056592342	-0.322485701	0	-0.353059262	0	-0.130603945	3.97E-68	-0.341775194	0	-0.393635024	0	-0.19988505	8.16E-159	-0.200676406	1.30E-137	-0.150891931	6.21E-83	0.055921224	1.12E-12	-0.25368719	9.77E-223	-0.233802993	7.84E-201	-0.011015372	0.160076103	-0.26512688	7.68E-244	-0.269749067	3.58E-269	-0.061924417	2.69E-15
Prostate	-0.203371789	1.17E-163	-0.195412087	5.19E-151	0.00037113	0.960735118	-0.282920808	9.88131291682493e-323	-0.307869973	0	-0.108404902	2.24E-47	-0.313761418	0	-0.361009283	0	-0.18171908	3.80E-131	-0.174922762	9.48E-105	-0.121120671	5.29E-54	0.060669336	1.08E-14	-0.237903596	2.41E-195	-0.211351047	1.21E-163	-0.003026041	0.699565428	-0.258016554	1.34E-230	-0.256868301	2.08E-243	-0.05396993	5.67E-12
Skin_Not_Sun_Exposed_Suprapubic	-0.201904192	2.23E-161	-0.187538568	4.12E-139	-0.01589049	0.034976178	-0.274142336	2.20E-302	-0.289697556	0	-0.112590063	5.47E-51	-0.304319694	0	-0.341430611	0	-0.173443964	1.79E-119	-0.184670367	8.90E-117	-0.144127894	5.77E-76	0.031403624	6.37E-05	-0.239072321	2.64E-197	-0.217574614	1.54E-173	-0.012151977	0.121194376	-0.257779975	3.64E-230	-0.253213352	2.32E-236	-0.047449568	1.41E-09
Skin_Sun_Exposed_Lower_leg	-0.19679527	2.20E-153	-0.182842649	2.52E-132	-0.016742421	0.026239733	-0.276639431	4.21E-308	-0.293439588	0	-0.116768037	9.86E-55	-0.307096098	0	-0.346416924	0	-0.177225858	9.76E-125	-0.180162256	3.11E-111	-0.139768494	1.50E-71	0.030925236	8.18E-05	-0.239432255	6.54E-198	-0.218279693	1.11E-174	-0.013010064	0.097070826	-0.259670371	1.21E-233	-0.254996124	8.76E-240	-0.04675547	2.43E-09
Small_Intestine_Terminal_Ileum	-0.153097879	2.01E-92	-0.156479845	1.63E-96	-0.020704895	0.006112589	-0.223289861	1.11E-198	-0.251778159	8.03E-254	-0.107077888	2.92E-46	-0.263004949	1.31E-277	-0.309979517	0	-0.170948547	4.57E-116	-0.156037944	2.87E-83	-0.120092512	5.64E-53	0.031933873	4.91E-05	-0.213250396	1.84E-156	-0.195198733	2.03E-139	-0.015117958	0.053845226	-0.239526897	4.53E-198	-0.240555911	7.85E-213	-0.057785143	1.64E-13
Spleen	-0.154549584	2.05E-94	-0.147010638	1.63E-85	0.004744646	0.529316628	-0.216825265	3.45E-187	-0.241832095	9.93E-234	-0.096677002	5.41E-38	-0.246604455	2.95E-243	-0.289595972	0	-0.156305679	4.04E-97	-0.145145302	2.58E-72	-0.109988827	9.49E-45	0.032101051	4.41E-05	-0.199581456	6.68E-137	-0.188331632	9.56E-130	-0.02321701	0.003064151	-0.221311682	1.17E-168	-0.226952381	4.79E-189	-0.05927416	3.86E-14
Stomach	-0.20791507	3.50E-171	-0.216307575	1.89E-185	-0.045745795	1.26E-09	-0.271747053	5.91E-297	-0.303344509	0	-0.12673436	3.16E-64	-0.302166444	0	-0.350972797	0	-0.186471498	4.11E-138	-0.191445039	1.82E-125	-0.154572661	3.40E-87	0.025885247	0.000983317	-0.240545998	8.59E-200	-0.223524727	2.70E-183	-0.021993657	0.005029227	-0.258560427	1.35E-231	-0.260634977	8.57E-251	-0.062541893	1.42E-15
Testis	-0.079550084	3.49E-26	-0.074152176	5.91E-23	0.009903331	0.188273469	-0.150424973	5.20E-90	-0.1783912	2.20E-126	-0.09214058	1.18E-34	-0.193388525	1.35E-148	-0.242772174	1.37E-235	-0.161856827	4.29E-104	-0.075703193	8.23E-21	-0.050834563	9.08E-11	0.020091203	0.010459647	-0.122817884	2.28E-52	-0.126619702	4.09E-59	-0.037410862	1.82E-06	-0.14932859	8.16E-77	-0.173864888	1.41E-110	-0.079376648	3.72E-24
Thyroid	-0.178946095	9.56E-127	-0.173692777	2.04E-119	-0.004057382	0.590149965	-0.26236229	3.25E-276	-0.294456579	0	-0.126837141	2.50E-64	-0.295880952	0	-0.349121642	0	-0.197514677	4.82E-155	-0.159233475	5.08E-87	-0.119015062	2.93E-52	0.038126702	1.19E-06	-0.221230299	1.56E-168	-0.211843694	2.04E-164	-0.029552264	0.000163524	-0.243238267	2.21E-204	-0.255296922	2.30E-240	-0.073861724	4.01E-21
Uterus	-0.246654826	7.88E-242	-0.260412306	2.67E-270	-0.069686456	2.28E-20	-0.302131643	0	-0.345664766	0	-0.167301197	3.51E-111	-0.318293704	0	-0.379555886	0	-0.223267719	1.21E-198	-0.205596401	1.09E-144	-0.174230092	1.64E-110	0.014762219	0.060363792	-0.24866822	8.23E-214	-0.243977185	4.67E-219	-0.043397723	3.08E-08	-0.260169762	1.45E-234	-0.275265335	1.19E-280	-0.084567116	3.29E-27
Vagina	-0.230433054	1.43E-210	-0.229164002	3.23E-208	-0.03233932	1.80E-05	-0.289706587	0	-0.319942611	0	-0.128696595	3.44E-66	-0.311576169	0	-0.362660051	0	-0.194941135	5.27E-151	-0.201808731	2.23E-139	-0.154997	1.35E-87	0.046629492	2.93E-09	-0.251323152	1.66E-218	-0.2324999	1.47E-198	-0.014823616	0.058686268	-0.267901544	4.03E-249	-0.271187238	3.87E-272	-0.062752602	1.14E-15
Whole_Blood	-0.169019607	4.72E-113	-0.187870052	1.10E-139	-0.078234007	2.49E-25	-0.206044912	7.67E-169	-0.241223977	1.57E-232	-0.126116973	1.29E-63	-0.224015544	5.38E-200	-0.267463325	2.20E-287	-0.153112224	3.18E-93	-0.158459055	3.91E-86	-0.156136697	5.14E-89	-0.031896646	4.86E-05	-0.187655663	5.62E-121	-0.194266223	4.40E-138	-0.052569723	1.96E-11	-0.199477794	9.29E-137	-0.21190626	1.63E-164	-0.064950072	1.12E-16
